2575
2394
3519
1541
3992
1880
2426
3446
4965
2809
976
2035
474
1972
2755
2763
4152
3379
303
2045
1530
2508
1508
1962
556
3657
231
2386
3252
304
3838
4186
442
4443
3609
3570
700
2814
1920
1190
498
3539
291
3025
51
728
3317
2555
4138
1844
4048
971
4523
2724
2810
3686
3880
4392
3365
3622
1119
1865
1799
1051
3680
3510
2313
3747
4750
3127
212
1472
2802
4892
1267
875
1410
814
4136
1458
4271
4546
413
1699
4684
3280
1699
732
3070
821
1337
529
3389
2279
3799
3548
712
583
3605
3844
460
2712
4661
1807
181
1232
1262
2363
1710
1983
3512
3500
3374
4475
3398
3099
2810
659
3254
531
761
1102
4904
314
2304
2597
4772
2883
4482
3575
3043
378
3716
2978
4121
3138
4074
4186
3108
1626
2888
4334
4528
1626
2025
1121
4231
4180
3087
4874
4287
4655
1628
1352
3887
382
1077
572
1376
4645
3273
3730
2062
4100
4733
4981
3862
1257
2429
1536
2151
4714
3700
2881
4049
4378
2024
1053
1928
3014
3511
2804
771
2722
470
4650
1198
931
2546
2326
656
3821
4192
1680
2910
4368
292
795
475
367
3819
4154
1503
3937
22
1833
1422
270
3907
2650
1423
3145
3003
3129
1799
4664
2626
3710
3805
318
4605
272
1912
3422
4493
1189
3117
4015
379
2658
659
1394
4324
1329
2146
3746
2249
4076
1685
3660
1658
2159
1551
3350
758
2222
2014
68
4708
107
1799
1857
1621
1077
4162
3896
2726
3244
455
4595
382
4937
3272
2209
749
3183
1453
3734
1058
1705
1772
1853
887
3932
2471
3328
4228
207
1649
822
3096
1544
2856
4826
3526
2874
3224
1619
3264
1412
4116
2093
3362
949
1947
3756
3133
1803
4328
786
1983
3476
1217
359
4594
1965
799
2467
1876
3795
1693
1561
3758
2095
1161
4526
2685
2261
2764
4561
2783
659
2894
2135
1225
2745
4482
2994
3120
1395
2981
2299
1202
42
442
345
4982
4535
4425
2465
3604
690
708
3529
2028
729
4878
4711
3638
4543
3410
2824
4363
3108
2205
2214
1126
1204
4739
1228
1533
855
176
2166
3839
2267
4104
4204
533
2513
1919
4294
446
117
2786
1148
1128
776
3133
175
3837
1864
4642
1770
765
4143
2996
482
1909
522
572
2996
3974
3193
1296
1087
3492
3666
113
4264
2848
4404
1016
2030
3698
4768
2343
4655
3300
3879
4954
2069
1358
4043
3601
2873
3704
3062
3335
2438
3451
1088
1639
1716
1861
4320
4542
2331
1680
397
1156
78
4593
2043
333
3670
4137
2536
739
4286
4132
2048
4333
2087
1781
1512
4680
7
1547
2561
2707
3084
3827
678
4430
2932
2285
2968
4779
2911
3848
1796
4794
4970
573
4740
2724
8
685
2524
2899
1039
3274
4685
1563
3161
2797
567
2075
2030
2820
780
1647
2781
1419
3815
209
441
2150
3745
3273
508
2276
3757
269
4591
2612
4863
1028
3379
2338
1012
3007
3375
4646
4875
3509
556
4693
1373
2873
758
4286
4666
3990
1058
152
2493
4099
2432
259
815
766
3711
2477
3735
2656
3334
1292
2587
3834
2608
99
4122
4731
1842
2418
1658
317
1286
830
904
3382
669
1854
1691
87
764
4422
1677
3138
370
1770
277
4445
767
1799
3414
4630
428
277
2274
2489
2157
3619
3945
3571
3824
1003
836
2151
1825
3823
4554
72
1844
1182
186
1311
981
2138
106
3345
3444
1088
1050
2004
1687
1719
4823
1017
1770
2223
4417
1634
2859
845
4172
3457
3433
1913
1925
2471
2770
2336
4156
1238
4295
3671
1308
2437
526
1661
4659
1372
3745
2323
3188
855
2696
467
3847
2945
342
2160
2669
4149
2263
4274
4200
3711
2705
1749
3628
4038
4793
4346
4360
1116
4787
2722
2914
1005
4946
908
4912
3242
4868
3255
3577
1342
4510
4493
3240
1554
2701
1519
883
435
1006
102
3849
4584
1869
511
2681
2708
1115
3778
4577
1720
3815
182
3947
2132
2064
2137
1425
741
3132
731
3811
3124
4948
3594
2679
2950
4009
664
2866
1637
3309
4736
1918
646
4487
2971
2039
327
1835
3997
1331
3791
2927
555
843
2931
3539
4364
184
1998
418
446
2650
4806
2380
2783
1802
832
2656
3668
3755
1845
4678
718
666
733
4567
3256
3329
527
4536
2063
3368
3354
3055
194
741
4206
2124
3214
4285
4396
4873
2948
4925
2381
4610
317
4634
3648
3081
2520
2045
3590
170
3956
2733
2120
873
4656
3828
407
4213
408
1497
622
66
1359
4747
413
2365
829
860
636
4772
349
3137
3327
3950
1754
3468
4251
65
3948
2632
2541
2009
3795
4254
1090
2748
3134
1636
2586
453
4269
4709
4630
1671
880
4541
753
4553
50
1024
3512
4076
4429
2274
1226
2797
1012
1161
899
515
2746
4
2103
4232
980
3642
1710
4644
1750
4679
1256
148
1462
1571
358
3607
434
3055
1296
3072
3571
4691
1596
3105
997
329
2308
4499
1559
2034
522
840
869
2668
3590
2351
1242
1367
2008
3515
1793
1210
4920
4202
2655
2005
2917
2365
3375
3805
4975
1480
1528
3966
2
310
2564
631
0
289
2541
97
1664
1791
2707
1101
1117
4019
4767
4244
1201
2942
3838
1719
4078
494
3157
130
3146
3618
2578
353
517
3516
435
4960
4978
4948
542
3066
4324
4245
2556
4115
376
3681
1352
989
3484
4095
4703
3153
379
38
3326
2077
1761
60
2500
3790
516
4825
269
2617
2335
1011
4406
4552
2821
2469
2184
3815
4108
1649
4104
454
508
2142
611
1663
2668
373
3642
3777
2321
2166
4900
4988
2716
273
73
3812
3329
1035
13
3744
3911
1752
997
983
836
3314
3186
3723
3942
2270
1838
2875
2847
2681
2014
321
245
2947
504
4863
3970
4934
3982
1096
2183
357
3978
4692
1910
3792
195
1283
3098
2904
374
4778
2350
2902
